1.098999655344803594e+00
1.094660628094259902e+00
1.094239751890569989e+00
1.093820399144423305e+00
1.093380616732099408e+00
1.092942516103810435e+00
1.088800737227232140e+00
1.088380384181044658e+00
1.087961681521952162e+00
1.087544627550555365e+00
1.087129219731976626e+00
1.083224572517280881e+00
1.082806598102290518e+00
1.082390406955637818e+00
1.081995689705607555e+00
1.081622202689603629e+00
1.077872683840937595e+00
1.077477930812672069e+00
1.077103599891316987e+00
1.076730852232191449e+00
1.076359685610325023e+00
1.072787719296168563e+00
1.072433566842963204e+00
1.072063380928775178e+00
1.071747442226098412e+00
1.071397872460654321e+00
1.068087145040995445e+00
1.067770667270496521e+00
1.067439021915641550e+00
1.067092436740620931e+00
1.066763917647684634e+00
1.063624685371208578e+00
1.063312504555332216e+00
1.063017324444454514e+00
1.062708070592257581e+00
1.062400315085213931e+00
1.059419389327535876e+00
1.059127926063637481e+00
1.058837939759676106e+00
1.058563819733312483e+00
1.058291030823851120e+00
1.055567921851314539e+00
1.055296484682140212e+00
1.055013042116339061e+00
1.054731202365899678e+00
1.054450963644458117e+00
1.051924890321002337e+00
1.051686081107258142e+00
1.051436101367657638e+00
1.051187554924408962e+00
1.050952762521969008e+00
1.048629087062812992e+00
1.048408700459480869e+00
1.048178094760672252e+00
1.047960330151343600e+00
1.047732481967229790e+00
1.045584777630208739e+00
1.045382647861883285e+00
1.045171243644145598e+00
1.044961237535478205e+00
1.044731843388400749e+00
1.042781911832152630e+00
1.042588310626249903e+00
1.042396092540472274e+00
1.042205256875831321e+00
1.042015801791198903e+00
1.040249541726655513e+00
1.040074797919494198e+00
1.039892790350422480e+00
1.039712290986764431e+00
1.039533298714159670e+00
1.037927363752838117e+00
1.037771700539373843e+00
1.037617393765055462e+00
1.037464441948176219e+00
1.037312844547414903e+00
1.035878055044928914e+00
1.035741235142690453e+00
1.035592286266266315e+00
1.035438305795782776e+00
1.035299266211825664e+00
1.034090623913698659e+00
1.033966627515321424e+00
1.033844102920491226e+00
1.033717321639600506e+00
1.033603466156247430e+00
1.032563138134097169e+00
1.032458637398083079e+00
1.032360472853206090e+00
1.032263634190294210e+00
1.032168121073019362e+00
1.031314432684285576e+00
1.031233005358095367e+00
1.031156872057686913e+00
1.031081929386644891e+00
1.031008177289390426e+00
1.030316760031875445e+00
1.030256454278491551e+00
1.030197334710202917e+00
1.030133371913330098e+00
1.030070857695301267e+00
1.029557172841612633e+00
1.029507376246596273e+00
1.029465646114716249e+00
1.029422996946579572e+00
1.029381657667608918e+00
1.029043028822213435e+00
1.029015954185411141e+00
1.028988933123890392e+00
1.028964538965751796e+00
1.028939215412409514e+00
1.028782935278702571e+00
1.028773351510551937e+00
1.028765677874166284e+00
1.028759444408116286e+00
1.028754458742936251e+00
1.028781628931290104e+00
1.028792059778728119e+00
1.028803332979973284e+00
1.028815912687056189e+00
1.028830527554694729e+00
1.029035046091987926e+00
1.029063049476399483e+00
1.029093860663174764e+00
1.029126114007846038e+00
1.029158172382948822e+00
1.029537069806357952e+00
1.029583139078553478e+00
1.029628118998307640e+00
1.029679210094164521e+00
1.029726681211880601e+00
1.030272849384927580e+00
1.030333480034171245e+00
1.030405166598002964e+00
1.030471717282818833e+00
1.030543011467419889e+00
1.031270308805058766e+00
1.031348210528030496e+00
1.031435698743434992e+00
1.031520375026566461e+00
1.031602041499959599e+00
1.032524166154672463e+00
1.032629586768289087e+00
1.032741597242216924e+00
1.032855214822489431e+00
1.032975715976742759e+00
1.034115616180003139e+00
1.034247405422609623e+00
1.034386914196612217e+00
1.034522012297621751e+00
1.034664982302738068e+00
1.036017628544437130e+00
1.036164165938953330e+00
1.036312188591987926e+00
1.036490343692702876e+00
1.036648863799498610e+00
1.038252330522702271e+00
1.038420175722658545e+00
1.038589520047828563e+00
1.038768537383462753e+00
1.038940954278921636e+00
1.040694211636911115e+00
1.040882782553014696e+00
1.041091050066909496e+00
1.041301135627898278e+00
1.041513040795645439e+00
1.043532254839867779e+00
1.043762684575082034e+00
1.044005092901932663e+00
1.044239280245365276e+00
1.044485612937194441e+00
1.046804236632828511e+00
1.047059669691924322e+00
1.047283299512427490e+00
1.047519627915020068e+00
1.047757511935070607e+00
1.050077179504614211e+00
1.050319236828198166e+00
1.050550513023686072e+00
1.050807633134149155e+00
1.051078688159565067e+00
1.053583274030172712e+00
1.053858507997939675e+00
1.054148559577414712e+00
1.054413763665226211e+00
1.054693789411523142e+00
1.057412981058065915e+00
1.057738141894279060e+00
1.058065246155309280e+00
1.058351266533761992e+00
1.058653173248972568e+00
1.061564781785812706e+00
1.061868441380827699e+00
1.062250115795768002e+00
1.062557138167742332e+00
1.062896592234437554e+00
1.066179728065757670e+00
1.066505524456966336e+00
1.066865656594307543e+00
1.067260629192318788e+00
1.067591450687986443e+00
1.070949281815962273e+00
1.071296853758419543e+00
1.071663471084177255e+00
1.072031798309483808e+00
1.072384177435455443e+00
1.075993858876579612e+00
1.076363462951434702e+00
1.076753246392495145e+00
1.077107409107641800e+00
1.077500515228176248e+00
1.081195544484127691e+00
1.081645828143839916e+00
1.082019408319275122e+00
1.082414222942505555e+00
1.082830515688716355e+00
1.086947049450809555e+00
1.087340960338411211e+00
1.087757207958970573e+00
1.088196040944768184e+00
1.088657721929324751e+00
1.092990721196323234e+00
1.093429007311638390e+00
1.093846936355869159e+00
1.094310627603244379e+00
1.094798394775899464e+00
1.099349990851348657e+00
1.099858663049269492e+00
1.100369418552384682e+00
1.100858904960036133e+00
1.101350296430063436e+00
1.106199310333120023e+00
1.106711235094149037e+00
1.107176081545889978e+00
1.107716316248622990e+00
1.108209299078450671e+00
1.113211619349895765e+00
1.113955447637597018e+00
1.114651398703579988e+00
1.115169048685334729e+00
1.115714538637814890e+00
1.120903127258952248e+00
1.121469553289966559e+00
1.122092276195278071e+00
1.122635776388285933e+00
1.123181142193485860e+00
1.128794711285414643e+00
1.129389390084321709e+00
1.129986173875136668e+00
1.130585066937950023e+00
1.131186072418557398e+00
1.137372730589719660e+00
1.138027285883979056e+00
1.138654307693853118e+00
1.139373563260502653e+00
1.140035379018000450e+00
1.146037881948431592e+00
1.146661219986431224e+00
1.147317902207315221e+00
1.148071133066290495e+00
1.148669517012920860e+00
1.155308623077381691e+00
1.156027250669159345e+00
1.156912652399920249e+00
1.157570964235185462e+00
1.158231372700619044e+00
1.165020044912741914e+00
1.165772548270513465e+00
1.166424532676737957e+00
1.167112936619495001e+00
1.167976481275480261e+00
1.175686985275847585e+00
1.176763815592004159e+00
1.177773382021296111e+00
1.178642211699405751e+00
1.179441475308115272e+00
1.187359072142493366e+00
1.188112411211180497e+00
1.188943750829267065e+00
1.189777889964516833e+00
1.190538636783257775e+00
1.198353509329235234e+00
1.199298050054123710e+00
1.200206461916497158e+00
1.201118042229363470e+00
1.202072643792954088e+00
1.210368954479221104e+00
1.211233364904165999e+00
1.212017801638335612e+00
1.212928896830269165e+00
1.213884625228121461e+00
1.223022511579775706e+00
1.223926738929173919e+00
1.224833800344203860e+00
1.225960765296157939e+00
1.226830635594986951e+00
1.236122050598088995e+00
1.237112290088891564e+00
1.238015311918081895e+00
1.238830320955743414e+00
1.239874883702245523e+00
1.364690898287002963e+00
1.363417518328712941e+00
1.362021100154539477e+00
1.360755526692052575e+00
1.359367665122305446e+00
1.347320637161120160e+00
1.346036954137170616e+00
1.344757201414431780e+00
1.343481368994886127e+00
1.342209444475861213e+00
1.330583147030581337e+00
1.329292118954690682e+00
1.327538294075240932e+00
1.326315177392292988e+00
1.325095803697561969e+00
1.313837056506617085e+00
1.312712029456042595e+00
1.311534280044543976e+00
1.310360134540816013e+00
1.309189582011972108e+00
1.298435726984263239e+00
1.297355597033078345e+00
1.296224851073148221e+00
1.295097569950539373e+00
1.294027176375253330e+00
1.269753274455975856e+00
1.252874823895807621e+00
1.243991657650783011e+00
1.243116960607628441e+00
1.242198873572708084e+00
1.241329200223427520e+00
1.240461967830821965e+00
1.231833858384672409e+00
1.230993312745486179e+00
1.230155136860989762e+00
1.229319321457906122e+00
1.228485864375373993e+00
1.187167197028621723e+00
1.186416750780326934e+00
1.185668601472022576e+00
1.184885511199310848e+00
1.177769657444932783e+00
1.177048105601614214e+00
1.176364699048636275e+00
1.175683300141692422e+00
1.174968205565408708e+00
1.168249987823344549e+00
1.167558027307319390e+00
1.166833798958027524e+00
1.166146272933173078e+00
1.165495118071333325e+00
1.140968986025043153e+00
1.140364178744614154e+00
1.139761352725670474e+00
1.139220500837476058e+00
1.133492190444342018e+00
1.132941020476138316e+00
1.132362725814580973e+00
1.131786360971337890e+00
1.131240596087953687e+00
1.125738985634076483e+00
1.125184909535117628e+00
1.124632715471688194e+00
1.124082400983969610e+00
1.123561337701925789e+00
1.118257737275403896e+00
1.117729323633135374e+00
1.117229029462189605e+00
1.116730388800161844e+00
1.116233396666483468e+00
1.111328331424215499e+00
1.110849384854396993e+00
1.110372053192385744e+00
1.109896335741483053e+00
1.109422227780064496e+00
1.104648839993519482e+00
1.104168723652852346e+00
1.103666483466096304e+00
1.103213734602625395e+00
1.102738854973937421e+00
1.098245229741143358e+00
1.097788727738030712e+00
1.097356634543458886e+00
1.096903462332147638e+00
1.096474527370327356e+00
1.092247475927074385e+00
1.091813727687435343e+00
1.091381651627463256e+00
1.090972726554195749e+00
1.090543903650928792e+00
1.086532123124066995e+00
1.086141261614558928e+00
1.085751877239515606e+00
1.085384348868837945e+00
1.084997836528149850e+00
1.081193784862812368e+00
1.080803971200655189e+00
1.080435135162617355e+00
1.080048450689755413e+00
1.079682582439837724e+00
1.044474579535181080e+00
1.044279474304051991e+00
1.042387811406531695e+00
1.042206543696308163e+00
1.042017082448381204e+00
1.041651600198558958e+00
1.039928547270523307e+00
1.039764907597995336e+00
1.039602501537765011e+00
1.039432880368794221e+00
1.039281388359115654e+00
1.037741849353436274e+00
1.037587807244619409e+00
1.037435119925454119e+00
1.037291321616471196e+00
1.037148744488824770e+00
1.030375676824673237e+00
1.030311040185743154e+00
1.030250853172809178e+00
1.030191852566905153e+00
1.030134037825002791e+00
1.029613909824565798e+00
1.029569310193704013e+00
1.029525893366004752e+00
1.029481469143210370e+00
1.029438355213303069e+00
1.029089587578233100e+00
1.029061841603255090e+00
1.029035276064768745e+00
1.029009890718550091e+00
1.028984444233159268e+00
1.028807896238581154e+00
1.028796727791344123e+00
1.028786738431296977e+00
1.028777497024871979e+00
1.028769927684100249e+00
1.028759327045392080e+00
1.028764787240323164e+00
1.028771808425734680e+00
1.031968110708064934e+00
1.032117021267788814e+00
1.032216586793939683e+00
1.033227268131626797e+00
1.033347607480867403e+00
1.033469557989994625e+00
1.033598775236117095e+00
1.033724023855834728e+00
1.034936771238509134e+00
1.035084817384844369e+00
1.035221539044429928e+00
1.035372979310035024e+00
1.035506110040646632e+00
1.036889359093788432e+00
1.037051957218353193e+00
1.037216191399545906e+00
1.037382062744953704e+00
1.037549572373538398e+00
1.039139397858544589e+00
1.039315028567939336e+00
1.039492163573693118e+00
1.039670804647371272e+00
1.039842339946375205e+00
1.041633077888894032e+00
1.041838451655331843e+00
1.042045493890333185e+00
1.042254206002069861e+00
1.042445394652027346e+00
1.044402640391991266e+00
1.044619235159143011e+00
1.044837367435601516e+00
1.045057038579771280e+00
1.045288822216650981e+00
1.047428677595214852e+00
1.047665961409870672e+00
1.047904801754095061e+00
1.048156686486459321e+00
1.048387157557882254e+00
1.050745433931066009e+00
1.050991411462139924e+00
1.051263639171737152e+00
1.051525109150990955e+00
1.051788160396778915e+00
1.054346387624464088e+00
1.054626024834649956e+00
1.054893833901617617e+00
1.055190101575318229e+00
1.055474545221625871e+00
1.058235638762326625e+00
1.058551305880821136e+00
1.058854288552814049e+00
1.059187993711274922e+00
1.059479760983092822e+00
1.062448360716269802e+00
1.062787229676655398e+00
1.063112387327857178e+00
1.063439199500116228e+00
1.063767668294975932e+00
1.066962936392401584e+00
1.067325405379256908e+00
1.067673119632244427e+00
1.068022518504617269e+00
1.068373603596197041e+00
1.071784688242828576e+00
1.072188799126896797e+00
1.072559564948256217e+00
1.072949826467552770e+00
1.073377716998147102e+00
1.077049909642296521e+00
1.077442757776595705e+00
1.077856187500999985e+00
1.078252617205737174e+00
1.078688813508406064e+00
1.082570999522114441e+00
1.083007863283442118e+00
1.083446685657505126e+00
1.083907552047685074e+00
1.084350390669255093e+00
1.088466889358201684e+00
1.088887581626223122e+00
1.089331089775037675e+00
1.089797676715756891e+00
1.090244928799896096e+00
1.094618944976715635e+00
1.095085729653481499e+00
1.095576743191702063e+00
1.096069808016882918e+00
1.096519832148783236e+00
1.101114094643950825e+00
1.101676971658195558e+00
1.102171536365280868e+00
1.102644329012338442e+00
1.103166410397072417e+00
1.108059120484563120e+00
1.108553334573419313e+00
1.109099022300731319e+00
1.109671816128332544e+00
1.110221912493071894e+00
1.115322467125688721e+00
1.115868520544876619e+00
1.116468884111882831e+00
1.117071662735520832e+00
1.117597785514031328e+00
1.122933129446278322e+00
1.123479513167505051e+00
1.124055228572989673e+00
1.124633011989258469e+00
1.125268198500443351e+00
1.130868489631324358e+00
1.131499213331342402e+00
1.132132263892072999e+00
1.132767646313166843e+00
1.133405365617731642e+00
1.139430975107858401e+00
1.140062853382508123e+00
1.140727161492065544e+00
1.141424231711584358e+00
1.142062983758526329e+00
1.148288572366121363e+00
1.148982377357153029e+00
1.149678649125144947e+00
1.150313769155322685e+00
1.151046688217052028e+00
1.157535040396634907e+00
1.158261477301085973e+00
1.158924081075991763e+00
1.159688678422712060e+00
1.160389227462156780e+00
1.167213265966120073e+00
1.167973351847162888e+00
1.168840269623392381e+00
1.235265231835410260e+00
1.236252672658685103e+00
1.237153143348701745e+00
1.238101511707059732e+00
1.238916747375761629e+00
1.248028967863684668e+00
1.249011128233107559e+00
1.249902371806515200e+00
1.250843224410929544e+00
1.251834107390222828e+00
1.261134241773732789e+00
1.262108183671476480e+00
1.263133907588988913e+00
1.264113732194957151e+00
1.265096437283766084e+00
1.275438522048700785e+00
1.276505348749459978e+00
1.277575462479145108e+00
1.278700067441693733e+00
1.279879668474565246e+00
1.338303016416401370e+00
1.337046951525452387e+00
1.335794732283257069e+00
1.334546349024565925e+00
1.333301784968815129e+00
1.321867987660817256e+00
1.320719559783110730e+00
1.319517310406589372e+00
1.318318739710809595e+00
1.317180653253070099e+00
1.306146234968496467e+00
1.304933542537441316e+00
1.303834468550568726e+00
1.302683889435476194e+00
1.301482298436242191e+00
1.290892916492685005e+00
1.289781967590004186e+00
1.288674422781061590e+00
1.287517778231674681e+00
1.286417172497716477e+00
1.276204546220676583e+00
1.275138643722545151e+00
1.274076014056300554e+00
1.273016647797635237e+00
1.271960535564783834e+00
1.262258722800415844e+00
1.261187059583740888e+00
1.260167333394564215e+00
1.259150748514515694e+00
1.258185486509593165e+00
1.248827878666807445e+00
1.247426535521946489e+00
1.246402817150725317e+00
1.245428726046362344e+00
1.244411482971997884e+00
1.235448454914049643e+00
1.234553030294698539e+00
1.233615687529281857e+00
1.232681259425969289e+00
1.231705452633960585e+00
1.223237330952362978e+00
1.222335262664178579e+00
1.221436015286310850e+00
1.220539583124656158e+00
1.219688445304168090e+00
1.211439423289057737e+00
1.210574369639889403e+00
1.209753040537354662e+00
1.208893298515245185e+00
1.208036267649400086e+00
1.200166803884134659e+00
1.199337388249656078e+00
1.198510607038396181e+00
1.197686453661619188e+00
1.196864921559527506e+00
1.189360428536544445e+00
1.188565484136336003e+00
1.187773090457838743e+00
1.186983238249574857e+00
1.186195922844037964e+00
1.178859934863643044e+00
1.178171209530138874e+00
1.177376262722076738e+00
1.176619971942270526e+00
1.175866135994610984e+00
1.168947734102708580e+00
1.168288250633692904e+00
1.167630724214154148e+00
1.166975153532956444e+00
1.166287184752134332e+00
1.159725084603776990e+00
1.159059945482736387e+00
1.158430015890444587e+00
1.157768980735057740e+00
1.157142940444886969e+00
1.150953932386368450e+00
1.150348567009006784e+00
1.149681629426930085e+00
1.149080151927107440e+00
1.148449004831198383e+00
1.142492931376245302e+00
1.141883144328586841e+00
1.141305692190650589e+00
1.140699784476204126e+00
1.140095860239272119e+00
1.134369128261369930e+00
1.133786084701865482e+00
1.133204977932524837e+00
1.132625805325256252e+00
1.132077380402245925e+00
1.126604524307242228e+00
1.126047515334203997e+00
1.125492393967554960e+00
1.124939157729530903e+00
1.124387800820832117e+00
1.119189760870931138e+00
1.118658120872282113e+00
1.118128322031338495e+00
1.117626713262727334e+00
1.117126760291571985e+00
1.112166800857218973e+00
1.111659721171359472e+00
1.111179658550969673e+00
1.110701214743915699e+00
1.110199333542090327e+00
1.105471712337646073e+00
1.104988609454072401e+00
1.104531285030121879e+00
1.104051598047450344e+00
1.103573659842381982e+00
1.099073794157699346e+00
1.098637139839842236e+00
1.098179175125746143e+00
1.097700154998734190e+00
1.097268377783381377e+00
1.092925534130388510e+00
1.092489180996073506e+00
1.092076198984796687e+00
1.091643112188720677e+00
1.091211696524520658e+00
1.087154621734130799e+00
1.086761415004373399e+00
1.086102518059732125e+00
1.085692837655098941e+00
1.085305154737679301e+00
1.081450251905720084e+00
1.081059385984874055e+00
1.080670127798330604e+00
1.080301817968555289e+00
1.079915685838704897e+00
1.076234405216816237e+00
1.075846943792741373e+00
1.075479548734616930e+00
1.075113726506699674e+00
1.074731304450072811e+00
1.071175532612458570e+00
1.070811193016719898e+00
1.070465788082757719e+00
1.070121926294234749e+00
1.069779606317858844e+00
1.066571390810960862e+00
1.066245292539449441e+00
1.065936905472915530e+00
1.065629888332562114e+00
1.065308189302249131e+00
1.062311944461245439e+00
1.062006120113811791e+00
1.061701790627351372e+00
1.061414059377427721e+00
1.061127674185961434e+00
1.058308831129055383e+00
1.058037287703637253e+00
1.057767072635267702e+00
1.057498183370251699e+00
1.057202531615836660e+00
1.054574160481607681e+00
1.054281559595808604e+00
1.054030270756312504e+00
1.053767167630881740e+00
1.053518559554737388e+00
1.051042218180456178e+00
1.050808228496190377e+00
1.050453573151311826e+00
1.050210732302113703e+00
1.049981354549013757e+00
1.047724042022577073e+00
1.047497663713145455e+00
1.047272695805796738e+00
1.047049137480713599e+00
1.046838061921116614e+00
1.044744967313131045e+00
1.044537809109703730e+00
1.044342300060109974e+00
1.044137859691059322e+00
1.043924694884036386e+00
1.042027794808672470e+00
1.041839637538322760e+00
1.041652859171283474e+00
1.041476696291764537e+00
1.041292603772580261e+00
1.039544160049238997e+00
1.039375010356371032e+00
1.039215582195219367e+00
1.039049093202165652e+00
1.038875747000196581e+00
1.037330136317036189e+00
1.037179744238674983e+00
1.037030705281167808e+00
1.036890370236140724e+00
1.036743966599508848e+00
1.035373926780537968e+00
1.035248690733320931e+00
1.035111681183197296e+00
1.034982570979519956e+00
1.034861157740700754e+00
1.033690572684693887e+00
1.033577037701380874e+00
1.033376033071289113e+00
1.033260773344074623e+00
1.033146980880841337e+00
1.032122509049895553e+00
1.032024328569395522e+00
1.031927607848214024e+00
1.031533888019505296e+00
1.031444805232934803e+00
1.030665764399086637e+00
1.030595529555104362e+00
1.030530025832094632e+00
1.030462357488937775e+00
1.030399291125339900e+00
1.029817939908949764e+00
1.029765708297328164e+00
1.029717303381438409e+00
1.029670081992452024e+00
1.029619266756365281e+00
1.029216395872961654e+00
1.029180433798035477e+00
1.029147525459460644e+00
1.029114379904255028e+00
1.029084153532107360e+00
1.028856296751174071e+00
1.028840255071052256e+00
1.028825520038288976e+00
1.028811454484644505e+00
1.028799397902299573e+00
1.028750445610063791e+00
1.028752562048767860e+00
1.028755984686899883e+00
1.028760984262137912e+00
1.028766748630359329e+00
1.028888286719805700e+00
1.028907975395795482e+00
1.028928971124777325e+00
1.028950127790963176e+00
1.028973672609300394e+00
1.029279190855212578e+00
1.029318988290248260e+00
1.029360229240365188e+00
1.029400848536628610e+00
1.029442777674707932e+00
1.029920276652809275e+00
1.029973469341862735e+00
1.030033639792882649e+00
1.030092290949118361e+00
1.030155288497583310e+00
1.030809496595361141e+00
1.030879930505667730e+00
1.030959162277378383e+00
1.031032100464062129e+00
1.031110163420443593e+00
1.031968020072447034e+00
1.032070024731670088e+00
1.032164146966328744e+00
1.032264401313857993e+00
1.032361240149644255e+00
1.414681545661380380e+00
1.398669291701396089e+00
1.376523510375902815e+00
1.370473733856195642e+00
1.364123590233611294e+00
1.357300316108077887e+00
1.412142071211677674e+00
1.410658933927701142e+00
1.409180385352782450e+00
1.407706409886820609e+00
1.406236992005710729e+00
1.392671550058909302e+00
1.391316207536903882e+00
1.389897380449737430e+00
1.388482925568429893e+00
1.387072828342246877e+00
1.373924064729227457e+00
1.372623680509198474e+00
1.371262373588235883e+00
1.369905249200628505e+00
1.368552293704262457e+00
1.356248332368203746e+00
1.354999630153362000e+00
1.353692415213255229e+00
1.352389207976514074e+00
1.351151772130437800e+00
1.339214392885660576e+00
1.337955541279554739e+00
1.336700544061317553e+00
1.335449389136822207e+00
1.334261376249793241e+00
1.322800550698828959e+00
1.321591937445558917e+00
1.320329737893126687e+00
1.319128687301167835e+00
1.317931309408943541e+00
1.306875648747215513e+00
1.305770916847667218e+00
1.304669407460927744e+00
1.303516276351835756e+00
1.302366674802549751e+00
1.291752244109825032e+00
1.290638665932028362e+00
1.289528499591503063e+00
1.288421735034142923e+00
1.287318362251524961e+00
1.277283952247212584e+00
1.276316429226043825e+00
1.275300885551827967e+00
1.274338869704162880e+00
1.273329111716323014e+00
1.263833569202359453e+00
1.262903453062123926e+00
1.261927184682601899e+00
1.260953777479920879e+00
1.259983225730639589e+00
1.224842413051947521e+00
1.224021598056356908e+00
1.202519452772835784e+00
1.201722369626158748e+00
1.200967368230763332e+00
1.193458656953275687e+00
1.192689025348053322e+00
1.191921733831111219e+00
1.191156778460676247e+00
1.190394153767335927e+00
1.183190485219950849e+00
1.182452235259040529e+00
1.181752999199825682e+00
1.181019170212782798e+00
1.180324123321394136e+00
1.173413892001448744e+00
1.172741192402192212e+00
1.172035232050395281e+00
1.171331467660889247e+00
1.170664922249437856e+00
1.060235699579707314e+00
1.059763509495059486e+00
1.059470316419823366e+00
1.059164056078726546e+00
1.058859424948532135e+00
1.056149438651299732e+00
1.055874912355854178e+00
1.055601844807972256e+00
1.055343780833652767e+00
1.055073553327341873e+00
1.052578702348286210e+00
1.052336385469135882e+00
1.052095366260990872e+00
1.051855644499821718e+00
1.051604705114337346e+00
1.049256633207675593e+00
1.049020896562427252e+00
1.048798261990183445e+00
1.048576906909859385e+00
1.048345283173940379e+00
1.046193537205201585e+00
1.045998459691139360e+00
1.045793776450316237e+00
1.045590358218855709e+00
1.045377598402204455e+00
1.043406106348941265e+00
1.043208115053009033e+00
1.043021307235440398e+00
1.042826018378173014e+00
1.042632114354607120e+00
1.040849862992463848e+00
1.040679435062060509e+00
1.040510246065336597e+00
1.040342294429534853e+00
1.040166839856608405e+00
1.038552014073251595e+00
1.038391027476771145e+00
1.038239349482171558e+00
1.038081013548407761e+00
1.037931851776531023e+00
1.036478797335710356e+00
1.036336227148067834e+00
1.036202034416636497e+00
1.036069057402938087e+00
1.035930394874208016e+00
1.034661346986725183e+00
1.034543166276685078e+00
1.034420069993484903e+00
1.034304367574997219e+00
1.034189871399785021e+00
1.033100428880255661e+00
1.032994004553309253e+00
1.032888909582388770e+00
1.032790300314805121e+00
1.032692890174203404e+00
1.031784624158752273e+00
1.031700371363151181e+00
1.031617311874793552e+00
1.031535445459594635e+00
1.031450558949345009e+00
1.032037192723352481e+00
1.032990931730620732e+00
1.033091966795222971e+00
1.033194202288548080e+00
1.033303115765542124e+00
1.033413360743097531e+00
1.034539570754334115e+00
1.034651466356093508e+00
1.034777066836136017e+00
1.034904006769184814e+00
1.035019398342078789e+00
1.036325014098424147e+00
1.036467477715764973e+00
1.036611290182470224e+00
1.036763745510316470e+00
1.037464427886091833e+00
1.037732959567151614e+00
1.037911683832728249e+00
1.038100091923174206e+00
1.038282484624896584e+00
1.039944420509953948e+00
1.040118123988167609e+00
1.040293196704314527e+00
1.040478497362252064e+00
1.040647453423590774e+00
1.042462806232157702e+00
1.042665165283646944e+00
1.042859306355751858e+00
1.043054832061464765e+00
1.043251743104270934e+00
1.045265606097385058e+00
1.045466991216139840e+00
1.045669639672646589e+00
1.045884319271829233e+00
1.046089562835099462e+00
1.048292432775137950e+00
1.048523731771678680e+00
1.048768120863118325e+00
1.048990582064093013e+00
1.049237950436387568e+00
1.051584934545742422e+00
1.051835760116828666e+00
1.052100672475561938e+00
1.052354443019275942e+00
1.052609652099734783e+00
1.055173631100737808e+00
1.055444398555795305e+00
1.055730271091580796e+00
1.056017751525470283e+00
1.056306841136582797e+00
1.059068424080755300e+00
1.059359577437363864e+00
1.059666880045470494e+00
1.059946321885544940e+00
1.060256735573556153e+00
1.063217550735937378e+00
1.063529265036826432e+00
1.063858183381903411e+00
1.064172981674333052e+00
1.064473435228816101e+00
1.067669208549166138e+00
1.068001907833131314e+00
1.068319388082049404e+00
1.068671895648162673e+00
1.069026093633703267e+00
1.072396217469300916e+00
1.072750198506911223e+00
1.073123554625580178e+00
1.073462834023031220e+00
1.073803523461898779e+00
1.077363227692742287e+00
1.077719843327883842e+00
1.078115662808278641e+00
1.078494263562289168e+00
1.078855408543531125e+00
1.082704880107493883e+00
1.083082570742622597e+00
1.083481718395978843e+00
1.102638230783136386e+00
1.107462030963117572e+00
1.107929445417044301e+00
1.108447922983557987e+00
1.109018025037890265e+00
1.109615423391734801e+00
1.114926872639337097e+00
1.115497446316205732e+00
1.116018059711639587e+00
1.116592841261147218e+00
1.117091022729206351e+00
1.122381425075652084e+00
1.122925911003821442e+00
1.123472265486863630e+00
1.124047951232895581e+00
1.124598145025023088e+00
1.130033033221192307e+00
1.130632085448464830e+00
1.131204575620444297e+00
1.131778988034183753e+00
1.132355325287248471e+00
1.138106079495218470e+00
1.138763292962939655e+00
1.139362829149142886e+00
1.140024599443632658e+00
1.140598054476335221e+00
1.146837371331452138e+00
1.147463296545195410e+00
1.148154158332235220e+00
1.148784349450940212e+00
1.149479912565502637e+00
1.155851852429450100e+00
1.156506773809936384e+00
1.157163785892360020e+00
1.157888917347671853e+00
1.158550331675171075e+00
1.165178366621661965e+00
1.165931411625320324e+00
1.166618259663315005e+00
1.167376285339812414e+00
1.244301944952207473e+00
1.245318829118281734e+00
1.246339020633863592e+00
1.247269346020884129e+00
1.248249145531364013e+00
1.257637808047930461e+00
1.258601455282756465e+00
1.259519549864649646e+00
1.260585813032201852e+00
1.261509452819311594e+00
1.271991938905320030e+00
1.273148905520884222e+00
1.274259223117754525e+00
1.275322414618240030e+00
1.276541499829473514e+00
1.287078425319399644e+00
1.288023333561440831e+00
1.289076153045344064e+00
1.290184930141914599e+00
1.291403214821501555e+00
1.302116699073613049e+00
1.303155967964588990e+00
1.304307993965760470e+00
1.305463556838182271e+00
1.306677951342083199e+00
1.179234644863163206e+00
1.178472330813907787e+00
1.177712487331387115e+00
1.176919104473062028e+00
1.169934199530068941e+00
1.169202180404506963e+00
1.168472560675414051e+00
1.167710764793591594e+00
1.167020497193382411e+00
1.160302711355699179e+00
1.159602456416051197e+00
1.158904528217463481e+00
1.158175855397554077e+00
1.157482675150139251e+00
1.151155681612434867e+00
1.150486026026336983e+00
1.149818629164043982e+00
1.149153486083559272e+00
1.148490593132476700e+00
1.142411142465519891e+00
1.141740785202963737e+00
1.141103145250198736e+00
1.140467695009119264e+00
1.139834431053382335e+00
1.134028493055809772e+00
1.133388500766373763e+00
1.132779783471409507e+00
1.132173196668758042e+00
1.131568733664604309e+00
1.126028765349468719e+00
1.125446010185223278e+00
1.124892934900340702e+00
1.124314229445950719e+00
1.123737592719508793e+00
1.196408777099122078e+00
1.190360062991815182e+00
1.186844808077631930e+00
1.182898786212372988e+00
1.182382401601451694e+00
