1.143087274514662521e+00
1.151867348364877586e+00
1.152731962338534588e+00
1.153595787194604538e+00
1.154504221433350297e+00
1.155411770481856060e+00
1.164122775946071942e+00
1.165020472605066360e+00
1.165917205116695055e+00
1.166812964408966202e+00
1.167707743162192946e+00
1.176246248049208187e+00
1.177174336377508013e+00
1.178101245056626389e+00
1.178982910230231607e+00
1.179819484359573956e+00
1.188347028915262893e+00
1.189258845754802785e+00
1.190126028603380348e+00
1.190992015982720309e+00
1.191856798900612802e+00
1.200308598186127673e+00
1.201159715673748574e+00
1.202051971930530927e+00
1.202815598291534505e+00
1.203662804147306753e+00
1.211809314921679981e+00
1.212600004630352668e+00
1.213430889917953781e+00
1.214301738684993470e+00
1.215129601936447479e+00
1.223161986094776221e+00
1.223973140504475587e+00
1.224742238814483519e+00
1.225550230050442613e+00
1.226356581205287677e+00
1.234287717929976491e+00
1.235075286032659259e+00
1.235861063069110477e+00
1.236605878880664644e+00
1.237349051665836308e+00
1.244878703647228413e+00
1.245640618929853449e+00
1.246438495149391867e+00
1.247234168008857003e+00
1.248027620422548223e+00
1.255286217494939294e+00
1.255982619469210526e+00
1.256713535309346153e+00
1.257442240332296235e+00
1.258132446418205319e+00
1.265061516135323805e+00
1.265728221274204035e+00
1.266427656591572415e+00
1.267089860623905162e+00
1.267784524837346494e+00
1.274425194140483830e+00
1.275059045358512444e+00
1.275723657042778347e+00
1.276385582481187608e+00
1.277110578084663217e+00
1.283358149918742974e+00
1.283986955322888646e+00
1.284612829324082828e+00
1.285235750840044044e+00
1.285855702466603967e+00
1.291710964317385191e+00
1.292297858878057815e+00
1.292910643443762719e+00
1.293519865527579249e+00
1.294125500999132150e+00
1.299627804630010708e+00
1.300167856566403435e+00
1.300704402482584676e+00
1.301237423132188153e+00
1.301766895999868945e+00
1.306837213481991000e+00
1.307326429809736679e+00
1.307860172902995277e+00
1.308413223021911875e+00
1.308913732127259033e+00
1.313310364656812501e+00
1.313766166381840073e+00
1.314217443267198471e+00
1.314685329696529292e+00
1.315106325171027102e+00
1.318989322858768798e+00
1.319383048775299327e+00
1.319753525240813685e+00
1.320119592121465235e+00
1.320481228995559864e+00
1.323739539933940002e+00
1.324052812475932095e+00
1.324346115201187724e+00
1.324635207786328817e+00
1.324920073924890307e+00
1.327608564944848135e+00
1.327844611008514697e+00
1.328076259444408880e+00
1.328327159441483607e+00
1.328572653587321906e+00
1.330600354237211569e+00
1.330797920731161987e+00
1.330963621432052157e+00
1.331133101405050034e+00
1.331297501797122917e+00
1.332648870741220515e+00
1.332757281138561956e+00
1.332865531020558159e+00
1.332963303588731829e+00
1.333064847843040690e+00
1.333692566512503452e+00
1.333731120198553555e+00
1.333761994739412149e+00
1.333787078061789311e+00
1.333807142356279396e+00
1.333697821296623731e+00
1.333655866757622821e+00
1.333610533280288335e+00
1.333559957093859660e+00
1.333501213463832435e+00
1.332680829013570989e+00
1.332568740209074898e+00
1.332445479440148350e+00
1.332316524145037206e+00
1.332188424129865378e+00
1.330680090936680493e+00
1.330497404737650546e+00
1.330319185400092641e+00
1.330116928225056894e+00
1.329929168890502389e+00
1.327780413041192986e+00
1.327543164908382645e+00
1.327262983158056020e+00
1.327003191966416695e+00
1.326725221628208162e+00
1.323909241737711850e+00
1.323609716231183953e+00
1.323273808587479783e+00
1.322949176070303601e+00
1.322636527008941743e+00
1.319136077207258007e+00
1.318739319763103213e+00
1.318318518142929552e+00
1.317892472013466154e+00
1.317441481964542582e+00
1.313218603631161496e+00
1.312735330190520688e+00
1.312224845137962115e+00
1.311731567580702418e+00
1.311210685553116040e+00
1.306339194885211219e+00
1.305817455737627197e+00
1.305291594238041863e+00
1.304660228882285722e+00
1.304099856914423983e+00
1.298504263990895469e+00
1.297925996950470173e+00
1.297343962328302958e+00
1.296730197738888091e+00
1.296140526292188788e+00
1.290223771865737667e+00
1.289595793492664288e+00
1.288904067804022890e+00
1.288208252983151780e+00
1.287508379974460215e+00
1.280935795875482786e+00
1.280196526737318985e+00
1.279421145795284875e+00
1.278674300639562889e+00
1.277891079204702685e+00
1.270633822417577496e+00
1.269846644200653962e+00
1.269159424891127541e+00
1.268435146167744332e+00
1.267708123171458201e+00
1.260722197345486517e+00
1.260003732926613829e+00
1.259319074986532616e+00
1.258559967695125126e+00
1.257762048526006371e+00
1.250499076138778420e+00
1.249712692414301163e+00
1.248886422549462027e+00
1.248133119693014104e+00
1.247339963978987942e+00
1.239754695806456919e+00
1.238861410244201711e+00
1.237965667252044710e+00
1.237184778369627258e+00
1.236362877280442252e+00
1.228557337303814778e+00
1.227755542497736219e+00
1.226750947695699479e+00
1.225945404015252205e+00
1.225057405695966217e+00
1.216607593845611346e+00
1.215782406863502363e+00
1.214872969722493368e+00
1.213878804534942457e+00
1.213048710150602005e+00
1.204753549379738331e+00
1.203908080725754948e+00
1.203018887596150277e+00
1.202128219234593676e+00
1.201278604164055075e+00
1.192711567842844378e+00
1.191847985589689074e+00
1.190939918692331512e+00
1.190117191591848700e+00
1.189206605428781760e+00
1.180777948849501602e+00
1.179766498246196615e+00
1.178929859551360426e+00
1.178048128752875678e+00
1.177121153465310988e+00
1.168100942554477939e+00
1.167251339107471253e+00
1.166356058657709971e+00
1.165414963305870133e+00
1.164427908276414847e+00
1.155311783983643092e+00
1.154404136521196778e+00
1.153541053651317982e+00
1.152586196648217820e+00
1.151584840344948013e+00
1.142388732453157418e+00
1.141377166630491269e+00
1.140364639123575774e+00
1.139397245502997258e+00
1.138428989674169944e+00
1.129026071637673656e+00
1.128049030298517330e+00
1.127164362272284004e+00
1.126139214490995855e+00
1.125206522186768199e+00
1.115889109248388023e+00
1.114525835103300722e+00
1.113255370486599727e+00
1.112313543054731291e+00
1.111323946584552580e+00
1.102055304990141149e+00
1.101058868730200757e+00
1.099966806609675718e+00
1.099016574994740481e+00
1.098065778969664841e+00
1.088432065113889013e+00
1.087427434301505791e+00
1.086422236701617416e+00
1.085416476894892845e+00
1.084410161357898916e+00
1.074220921436166654e+00
1.073160499747104701e+00
1.072147761760025020e+00
1.070989734784761893e+00
1.069927640221614684e+00
1.060442055078336887e+00
1.059471855781727090e+00
1.058452706211242322e+00
1.057287416782435763e+00
1.056364483817219702e+00
1.046286622731771976e+00
1.045213175544922990e+00
1.043895163445224261e+00
1.042918433669807410e+00
1.041941347196942758e+00
1.032053438674013446e+00
1.030974483027027322e+00
1.030042345014174465e+00
1.029060833782681428e+00
1.027833500912914921e+00
1.017061682648698451e+00
1.015583353273125988e+00
1.014203007088584796e+00
1.013019420098548284e+00
1.011934116785202065e+00
1.001360362148258520e+00
1.000370670170295906e+00
9.992817267763299816e-01
9.981924920111582278e-01
9.972020241807821872e-01
9.871853527106256854e-01
9.859937450661762082e-01
9.848515010860942054e-01
9.837089781411271217e-01
9.825164865347448817e-01
9.723188813899195093e-01
9.712731114618735617e-01
9.703267656502122529e-01
9.692307906452001243e-01
9.680847665166434357e-01
9.573110427310673742e-01
9.562625804935089846e-01
9.552139467243045967e-01
9.539154051160948500e-01
9.529163512449392304e-01
9.424175899255029520e-01
9.413168458376032222e-01
9.403160324832015027e-01
9.394151902400370568e-01
9.382639665671835827e-01
8.223788571783933188e-01
8.233851281022741553e-01
8.244920526696161156e-01
8.254983698125131220e-01
8.266053449050850821e-01
8.363677514790444079e-01
8.374245778131000906e-01
8.384814157081925678e-01
8.395382618730546920e-01
8.405951150367244606e-01
8.504088512155938417e-01
8.515160272598891744e-01
8.530257986301668094e-01
8.540826275395014822e-01
8.551394454899656772e-01
8.650526168777636915e-01
8.660589263973261787e-01
8.671155252478989217e-01
8.681720962495876881e-01
8.692286379974339949e-01
8.790880204887299154e-01
8.800938844991461618e-01
8.811499969633181939e-01
8.822060604243041615e-01
8.832117923314559693e-01
9.068306045746264976e-01
9.242419855365672232e-01
9.337630039459586806e-01
9.347145437448611816e-01
9.357160503089839709e-01
9.366673701263835694e-01
9.376185776592773635e-01
9.472242849607981352e-01
9.481741746122608339e-01
9.491239346423243628e-01
9.500735675969174121e-01
9.510230679709521517e-01
1.001612881709543323e+00
1.002602260158881542e+00
1.003591388517495853e+00
1.004629701313071832e+00
1.014208089602602225e+00
1.015194103099134715e+00
1.016130554457802093e+00
1.017066752517628903e+00
1.018051943722997565e+00
1.027445671360857737e+00
1.028427699458971833e+00
1.029458489426416712e+00
1.030439866576406294e+00
1.031371880040529820e+00
1.068434951105065700e+00
1.069401199145956660e+00
1.070367003013163787e+00
1.071235842462703092e+00
1.080576287002649627e+00
1.081488668032727807e+00
1.082448590993345450e+00
1.083408018196965639e+00
1.084319015252808382e+00
1.093641956539448401e+00
1.094595315049416984e+00
1.095548128879877625e+00
1.096500391920404827e+00
1.097404531673758399e+00
1.106748704349270973e+00
1.107694165417210996e+00
1.108591793192428065e+00
1.109488868887593238e+00
1.110385392315526687e+00
1.119366108454487474e+00
1.120256231551689075e+00
1.121145752148724029e+00
1.122034662124712590e+00
1.122922960860704533e+00
1.132003205452378314e+00
1.132930640301699432e+00
1.133903647948357074e+00
1.134783276569166555e+00
1.135708468603306320e+00
1.144596707569657479e+00
1.145513516476498461e+00
1.146383721973947001e+00
1.147298922002117472e+00
1.148167587844681314e+00
1.156856928198553014e+00
1.157762146073080922e+00
1.158666454570911108e+00
1.159524697558925510e+00
1.160427213049294526e+00
1.168998377678110989e+00
1.169846129782976529e+00
1.170692975940923031e+00
1.171494406528496679e+00
1.172339466327298796e+00
1.180781907938112107e+00
1.181660235980346751e+00
1.182493618373502420e+00
1.183369769246868319e+00
1.184201069850886689e+00
1.277926108788102644e+00
1.278546338102635627e+00
1.284639828313427934e+00
1.285231545238843420e+00
1.285851506625209195e+00
1.287051812724052891e+00
1.292790135963858056e+00
1.293342117333235786e+00
1.293891169639233008e+00
1.294465932788542384e+00
1.294980410734076548e+00
1.300271559824922374e+00
1.300807415988095128e+00
1.301339742713451431e+00
1.301842162532572011e+00
1.302341359376194108e+00
1.327378198813189636e+00
1.327630942481962784e+00
1.327866547417668075e+00
1.328097752476609994e+00
1.328324545869629336e+00
1.330375469275223432e+00
1.330552226703774155e+00
1.330724433762044523e+00
1.330900777053044104e+00
1.331072055312037428e+00
1.332462569826104115e+00
1.332573573754577190e+00
1.332679908268683766e+00
1.332781567476575058e+00
1.332883519331067967e+00
1.333592185523935436e+00
1.333637093897481529e+00
1.333677269052888414e+00
1.333714442735648653e+00
1.333744895270355224e+00
1.333787550354559981e+00
1.333765578451186151e+00
1.333737328379001053e+00
1.321240398658640736e+00
1.320674943524966505e+00
1.320297653250899650e+00
1.316502877604443622e+00
1.316055218806722937e+00
1.315602456365821515e+00
1.315123686993039831e+00
1.314660571359672847e+00
1.310223679509523453e+00
1.309687798774013423e+00
1.309193997654560571e+00
1.308648249661014784e+00
1.308169530731312369e+00
1.303252214492910399e+00
1.302680830110146237e+00
1.302105081601558467e+00
1.301524997574415643e+00
1.300940606605901273e+00
1.295463607904885572e+00
1.294866072423717762e+00
1.294264897365356326e+00
1.293660104704038361e+00
1.293080771444045318e+00
1.287112797176643397e+00
1.286437439579344089e+00
1.285758439783325491e+00
1.285075824481586526e+00
1.284452149721144965e+00
1.278154623997668882e+00
1.277467227645690651e+00
1.276776816309562967e+00
1.276083411853420335e+00
1.275353801723147606e+00
1.268713644849505329e+00
1.267987681260454025e+00
1.267258985953467532e+00
1.266492683294424548e+00
1.265793482840555262e+00
1.258743403362148072e+00
1.258018709794144208e+00
1.257218960948017994e+00
1.256453057198570589e+00
1.255684720837870527e+00
1.248324302140991549e+00
1.247531692136677028e+00
1.246774754628022341e+00
1.245939810067009379e+00
1.245140570618676890e+00
1.237500200796755268e+00
1.236639927816931772e+00
1.235816704041828196e+00
1.234912795343831027e+00
1.234124862272293344e+00
1.226230546568206403e+00
1.225343192629422484e+00
1.224494324780550425e+00
1.223643666256180040e+00
1.222791231033406811e+00
1.214627796821851069e+00
1.213716082747595459e+00
1.212844149742221544e+00
1.211970604697544696e+00
1.211095461887158331e+00
1.202725472330097967e+00
1.201749377831537346e+00
1.200856632013638237e+00
1.199919822526945623e+00
1.198896052645238575e+00
1.190250612178499257e+00
1.189340222906125843e+00
1.188385078093407765e+00
1.187472019279738555e+00
1.186470525304431867e+00
1.177698701285278204e+00
1.176727090528289832e+00
1.175754189981483400e+00
1.174735699353139706e+00
1.173760193479988612e+00
1.164835524168715608e+00
1.163937632372672004e+00
1.162993814220686151e+00
1.162003929636397315e+00
1.161057976167760852e+00
1.151952874218324707e+00
1.150996427678691703e+00
1.149993419533577477e+00
1.148989379367247654e+00
1.148075726659593121e+00
1.138894048631697853e+00
1.137786896284094240e+00
1.136817225173976542e+00
1.135892945431207002e+00
1.134875358574800819e+00
1.125490369651377387e+00
1.124557196732090425e+00
1.123529904405937696e+00
1.122455027739444944e+00
1.121426040919979661e+00
1.112034921878026772e+00
1.111045134347845798e+00
1.109960295530718399e+00
1.108874641561422125e+00
1.107929936802622972e+00
1.098497832916445427e+00
1.097546733432321009e+00
1.096547480942128061e+00
1.095547616512549727e+00
1.094451833297687804e+00
1.084941545519153783e+00
1.083887023391622018e+00
1.082831896739606226e+00
1.081776170698447004e+00
1.080719850365386536e+00
1.070897468444077516e+00
1.069883620018965642e+00
1.068820966134885531e+00
1.067709438204892614e+00
1.066694058253357502e+00
1.056951757812567783e+00
1.055882917156915957e+00
1.054813595540277538e+00
1.053841070652214107e+00
1.052722184956560891e+00
1.042971662604286198e+00
1.041896872353167858e+00
1.040919418345819469e+00
1.039794913711440838e+00
1.038767790210846753e+00
1.028918016609605246e+00
1.027837940904515523e+00
1.026610122620762677e+00
9.433727987795195169e-01
9.422721948103589540e-01
9.412715071639186082e-01
9.402206458334350092e-01
9.393197963075402557e-01
9.294039387188949286e-01
9.283515938100761478e-01
9.273993701072724694e-01
9.263969227996536882e-01
9.253442394565722928e-01
9.156142450869136917e-01
9.146106513566752971e-01
9.135567812204918869e-01
9.125530062315756474e-01
9.115491460364441023e-01
9.011545420939865991e-01
9.000995792679190588e-01
8.990445398525179765e-01
8.979391825110303316e-01
8.967834982761433427e-01
8.438614464593130471e-01
8.449183133109557930e-01
8.459751806200251911e-01
8.470320450631150244e-01
8.480889093866257333e-01
8.579526308835839776e-01
8.589590720997257733e-01
8.600158203994107131e-01
8.610725501477993760e-01
8.620789412214903136e-01
8.719906680284081890e-01
8.730973952349990741e-01
8.741034773017152260e-01
8.751598267848865742e-01
8.762664368129773340e-01
8.861734589951129060e-01
8.872292788821524168e-01
8.882850431683092518e-01
8.893910203655108759e-01
8.904466660576904058e-01
9.003967160589299024e-01
9.014516568952037900e-01
9.025065211089283723e-01
9.035613070901983290e-01
9.046160132218863392e-01
9.144557838263331906e-01
9.155597458528895727e-01
9.166134269581981409e-01
9.176670075719067787e-01
9.186703209497091294e-01
9.285477003604601931e-01
9.300509761109566620e-01
9.311532191466258546e-01
9.322052325797564043e-01
9.333072055568492065e-01
9.431683187418602454e-01
9.441687532104375835e-01
9.452190642220118511e-01
9.462692248972636166e-01
9.473692295498883365e-01
9.570616754078782318e-01
9.581100007356816439e-01
9.591581508604629658e-01
9.602061216788821962e-01
9.612040245608436395e-01
9.710242767343177928e-01
9.720700881396553417e-01
9.730659114776771812e-01
9.741113243128167731e-01
9.751565286376961961e-01
9.849012902782440237e-01
9.859442042400714534e-01
9.869868831066107573e-01
9.880293244487192705e-01
9.890715258231554952e-01
9.987371997836602677e-01
9.997767876797271080e-01
1.000816105032542369e+00
1.001855153198589310e+00
1.002893927544832753e+00
1.012723445508864284e+00
1.013660559918781345e+00
1.014745326731762098e+00
1.015780468943596970e+00
1.016815302253567310e+00
1.026458220604310689e+00
1.027391449406650725e+00
1.028324398295320297e+00
1.029257061027595066e+00
1.030238503494887548e+00
1.039741461254716448e+00
1.040719334468761748e+00
1.041647988078456599e+00
1.042625175828107098e+00
1.043553174947702500e+00
1.052863587307030446e+00
1.053787865660414269e+00
1.054809025561296298e+00
1.055732556568758973e+00
1.056704309096930805e+00
1.066012289352362474e+00
1.066979632542466749e+00
1.067898203611155727e+00
1.068864694417878791e+00
1.069830742985881544e+00
1.079129672304176557e+00
1.080090787225719939e+00
1.081051419582337747e+00
1.082011563656765984e+00
1.082923243146648451e+00
1.092158064205983159e+00
1.093112259053070412e+00
1.094065915681722512e+00
1.095019028024557528e+00
1.095971595736945137e+00
1.105087591638504785e+00
1.106034101368576161e+00
1.106980011987887647e+00
1.107878071850000312e+00
1.108775582774981228e+00
1.117813571553780250e+00
1.118751623362127745e+00
1.119642160124600050e+00
1.120532093596694034e+00
1.121468212876651327e+00
1.130419786076035438e+00
1.131348468730791090e+00
1.132230040883014155e+00
1.133157291837927794e+00
1.134083797565757834e+00
1.142939321002557795e+00
1.143811701375241796e+00
1.144729205617968537e+00
1.145691703682837570e+00
1.146561755487396583e+00
1.155447001814248420e+00
1.156353617506971521e+00
1.157214068415573172e+00
1.158118925097650687e+00
1.159022869699853464e+00
1.167652954316265035e+00
1.168502128571978993e+00
1.169930287566084415e+00
1.170821578383389738e+00
1.171667367437832397e+00
1.180205403096581174e+00
1.181084451761852838e+00
1.181962392474848134e+00
1.182795405912360431e+00
1.183671167339833019e+00
1.192149249421510682e+00
1.193055522905640986e+00
1.193917382282853934e+00
1.194778007928566810e+00
1.195680324757599111e+00
1.204202920551630029e+00
1.205090121031205941e+00
1.205933675641480907e+00
1.206775858827107140e+00
1.207616658567415291e+00
1.215615862857039486e+00
1.216441341684230570e+00
1.217224150933895910e+00
1.218005587020485780e+00
1.218826660370930792e+00
1.226588542976686291e+00
1.227392753360455391e+00
1.228195293790368625e+00
1.228956152308886551e+00
1.229715481505672114e+00
1.237300497071240901e+00
1.238042116367161549e+00
1.238782070083024767e+00
1.239520349598530302e+00
1.240334378357477174e+00
1.247678524176313086e+00
1.248508380898983638e+00
1.249223089516960927e+00
1.249973413364786179e+00
1.250684305459742518e+00
1.257869268639683735e+00
1.258558212483237959e+00
1.259605836602758266e+00
1.260325551616607198e+00
1.261007158181357779e+00
1.267810292021896323e+00
1.268502375471833421e+00
1.269191969404199538e+00
1.269879054682212516e+00
1.270529444640528194e+00
1.277069044726711455e+00
1.277725428450098288e+00
1.278346453540138317e+00
1.278997471110038031e+00
1.279678049144053809e+00
1.285816412273832032e+00
1.286433545188107930e+00
1.287047668115083754e+00
1.287628277516162933e+00
1.288236472999981341e+00
1.294088707998627630e+00
1.294662335628901095e+00
1.295204231661450045e+00
1.295771416125565345e+00
1.296363369097523588e+00
1.301706443147677472e+00
1.302232733076159610e+00
1.302755433618103975e+00
1.303248657013726719e+00
1.303764299504297952e+00
1.308644839240817426e+00
1.309096057062940632e+00
1.309590691796713502e+00
1.310057767414546603e+00
1.310497851918480894e+00
1.314784168255434871e+00
1.315204158092118769e+00
1.315949603979876814e+00
1.316378151325564128e+00
1.316802031179882704e+00
1.320654131902728956e+00
1.321026757229133430e+00
1.321394444790168654e+00
1.322897413318711912e+00
1.323238873496327406e+00
1.326247433222850880e+00
1.326520680656277706e+00
1.326775825605807091e+00
1.327039710984991627e+00
1.327285933664228423e+00
1.329568670561589894e+00
1.329774928054105132e+00
1.329966247646234834e+00
1.330153050447760998e+00
1.330354248264203454e+00
1.331955965341301562e+00
1.332099515527476186e+00
1.332230959123519298e+00
1.332363430574831309e+00
1.332484305467695584e+00
1.333397674449879444e+00
1.333462123097059582e+00
1.333521339096536140e+00
1.333577879758430784e+00
1.333626356522441325e+00
1.333823294147129079e+00
1.333814775894772708e+00
1.333801001154777843e+00
1.333780881454514233e+00
1.333757686334100967e+00
1.333269209581574355e+00
1.333190181918239903e+00
1.333105939655701455e+00
1.333021084752163521e+00
1.332926690492030275e+00
1.331705532679776871e+00
1.331546965454324383e+00
1.331382768355107160e+00
1.331221167057193178e+00
1.331054480061520051e+00
1.329165113840314882e+00
1.328955645162646304e+00
1.328718938846292552e+00
1.328488454095552385e+00
1.328241157446865328e+00
1.325689291946052339e+00
1.325416293674539503e+00
1.325109595090784964e+00
1.324827631210846679e+00
1.324526250569256991e+00
1.321240743259238126e+00
1.320853249659450945e+00
1.320496288506855853e+00
1.320116689935442178e+00
1.319750627088286610e+00
7.850674134005235505e-01
7.965744643040795214e-01
8.131678956235602884e-01
8.178460907139393221e-01
8.228267976958389962e-01
8.282609675172906138e-01
7.868661555575416910e-01
7.879211843795416170e-01
7.889762777550417550e-01
7.900314345882011313e-01
7.910866537802232479e-01
8.009884420666113503e-01
8.019939658639789748e-01
8.030498140354344061e-01
8.041057107572475715e-01
8.051616548881984636e-01
8.151701122181603809e-01
8.161761796622550857e-01
8.172325834640066233e-01
8.182890202002145452e-01
8.193454886819094840e-01
8.291065302187881070e-01
8.301129320580238335e-01
8.311696735355122989e-01
8.322264319521082143e-01
8.332328834413189611e-01
8.430966291153247916e-01
8.441534916346493667e-01
8.452103555444255845e-01
8.462672195494004290e-01
8.472737538607010288e-01
8.571375109272819648e-01
8.581942847588314160e-01
8.593013634573887227e-01
8.603581006178905310e-01
8.614148208046973343e-01
8.713266799462663359e-01
8.723328153135003760e-01
8.733389170490203357e-01
8.743952903208903615e-01
8.754516259425689784e-01
8.853589534997513555e-01
8.864148118771191243e-01
8.874706158157957825e-01
8.885263638023155330e-01
8.895820543168396766e-01
8.993316297048223884e-01
9.002861671562096824e-01
9.012908790066259668e-01
9.022452914170439042e-01
9.032498648605663538e-01
9.128397254453317622e-01
9.137932850180990885e-01
9.147969447348671679e-01
9.158005179882774405e-01
9.168040012860108057e-01
9.552040046534483464e-01
9.561527702031898945e-01
9.819597124458531168e-01
9.829535824052320070e-01
9.838975693656246690e-01
9.934259096240469766e-01
9.944172607863854818e-01
9.954083824014953175e-01
9.963992702750537056e-01
9.973899221948054894e-01
1.006887724672984374e+00
1.007875736190321003e+00
1.008814104275441270e+00
1.009801599623799451e+00
1.010739474930690163e+00
1.020202939424442734e+00
1.021137993547526879e+00
1.022121974447353754e+00
1.023105657052848949e+00
1.024039875194399318e+00
1.232093615877810855e+00
1.233360696728837080e+00
1.234150333244301567e+00
1.234977538434273825e+00
1.235802768957117825e+00
1.243253468808778628e+00
1.244019526224092953e+00
1.244783631241395794e+00
1.245507708137802538e+00
1.246267964333963141e+00
1.253388770663627083e+00
1.254090449423378661e+00
1.254790185580824113e+00
1.255487962661806955e+00
1.256220336375916347e+00
1.263172278181402985e+00
1.263880381616593995e+00
1.264550878092016051e+00
1.265219216916046996e+00
1.265920382525828725e+00
1.272525574580697372e+00
1.273132787940552513e+00
1.273771439914795023e+00
1.274407716316910300e+00
1.275074899795346717e+00
1.281341423741911179e+00
1.281979375454824543e+00
1.282582773827405820e+00
1.283215114021544423e+00
1.283844545640297374e+00
1.289705307336185047e+00
1.290273048229479524e+00
1.290837955139488846e+00
1.291400012822602639e+00
1.291988552269395241e+00
1.297472749421311633e+00
1.298026320484486407e+00
1.298549044489374582e+00
1.299095923174567568e+00
1.299612252013082836e+00
1.304701097218719630e+00
1.305206305595469907e+00
1.305682813891993810e+00
1.306155953760783195e+00
1.306650334147847037e+00
1.311223915643626281e+00
1.311654423785225898e+00
1.312103687807533836e+00
1.312526760710738705e+00
1.312946184385016313e+00
1.316975665150310615e+00
1.317373112597961748e+00
1.317766275501329742e+00
1.318135792533253081e+00
1.318501405527975789e+00
1.321939103882022515e+00
1.322260661068584753e+00
1.322578114732695376e+00
1.322891448169933870e+00
1.323216803406156661e+00
1.320977898763486369e+00
1.317384598498684056e+00
1.317007241985965749e+00
1.316626034933776168e+00
1.316220624788895011e+00
1.315810987426512924e+00
1.311667534039015148e+00
1.311259878254060096e+00
1.310803142155151590e+00
1.310342443001805357e+00
1.309924443693155638e+00
1.305246085603039674e+00
1.304741169852848159e+00
1.304232560978064948e+00
1.303694571700229510e+00
1.301237472191547173e+00
1.300302451661481173e+00
1.299682149082092009e+00
1.299029962397215909e+00
1.298400273868557164e+00
1.292736659150615974e+00
1.292152213297903529e+00
1.291564563002918664e+00
1.290944105440430700e+00
1.290379733053804712e+00
1.284395428539193418e+00
1.283737147620866770e+00
1.283107216133459350e+00
1.282474380696730254e+00
1.281838662232207771e+00
1.275426788167674630e+00
1.274794366199251794e+00
1.274159543138088990e+00
1.273488733474295032e+00
1.272849035632177994e+00
1.266080632429034791e+00
1.265380022084914069e+00
1.264641783698679856e+00
1.263971577968715954e+00
1.263228328112238286e+00
1.256278122275253484e+00
1.255545923059197655e+00
1.254774760801908640e+00
1.254038097098812532e+00
1.253299280391539927e+00
1.245986160679052102e+00
1.245225167705062752e+00
1.244424001235589605e+00
1.243620672297081509e+00
1.242815199094122303e+00
1.235236339349053303e+00
1.234449156709635620e+00
1.233620697341015315e+00
1.232869459671237511e+00
1.232037299871426406e+00
1.224220319511531541e+00
1.223409677977127963e+00
1.222556772390178903e+00
1.221742845477982842e+00
1.220968149240330591e+00
1.212853942769601012e+00
1.212022061870221989e+00
1.211230433266600404e+00
1.210353962740287059e+00
1.209475917406183099e+00
1.201249617433913341e+00
1.200398655137695281e+00
1.199503737878847343e+00
1.198692819290474665e+00
1.197880736448689643e+00
1.189524306051460423e+00
1.188699741554696931e+00
1.187787143471760398e+00
1.186916799450795645e+00
1.186088895108428520e+00
1.177400617898134882e+00
1.176561242340935953e+00
1.175676651662943106e+00
1.135904850334543914e+00
1.126621345820570497e+00
1.125735661936884791e+00
1.124756011866089533e+00
1.123682184019234809e+00
1.122560695723885393e+00
1.112753832360602990e+00
1.111717429712635763e+00
1.110774590267016748e+00
1.109736748923576322e+00
1.108839831259206488e+00
1.099460936427769653e+00
1.098510416232893139e+00
1.097559331981729169e+00
1.096560093487147114e+00
1.095607870208641144e+00
1.086343435000372004e+00
1.085337641924130736e+00
1.084379227186967221e+00
1.083420308904032625e+00
1.082460892875886760e+00
1.073033070759307206e+00
1.071972039290385315e+00
1.071006988292254158e+00
1.069944913106547268e+00
1.069027232876319289e+00
1.059198178448554906e+00
1.058227466061557376e+00
1.057159212897805789e+00
1.056187651203193134e+00
1.055118473771509358e+00
1.045474869504596116e+00
1.044498734040470556e+00
1.043522235115817320e+00
1.042447672890394195e+00
1.041470424432107578e+00
1.031826156075086764e+00
1.030747127448464973e+00
1.029765854061231778e+00
1.028686085762621660e+00
9.334260727243751665e-01
9.323241176837803179e-01
9.312220232288695998e-01
9.302199994284178208e-01
9.291677543451578591e-01
9.192408616963803070e-01
9.182376041531121746e-01
9.172844205819182806e-01
9.161806314852797284e-01
9.152272720641957404e-01
9.045846060032316505e-01
9.034294481369470331e-01
9.023244248264001843e-01
9.012695497298112146e-01
9.000638856587994674e-01
8.898120441855075224e-01
8.889071813821209922e-01
8.879017267389310852e-01
8.868459444644180012e-01
8.856895489581639858e-01
8.756817455505768732e-01
8.747260231043684220e-01
8.736696604531739574e-01
8.726132611393520033e-01
8.715065196251874369e-01
1.012214645705648008e+00
1.013250531079012973e+00
1.014286112525659256e+00
1.015370678015113715e+00
1.025066919771784768e+00
1.026098821572502207e+00
1.027130382849999357e+00
1.028210697232504689e+00
1.029192471533173503e+00
1.038894473344089242e+00
1.039921539798106531e+00
1.040948222805754941e+00
1.042023380280973743e+00
1.043049267665583590e+00
1.052556103044793412e+00
1.053577774594218308e+00
1.054599016184389892e+00
1.055619824157346232e+00
1.056640192875983875e+00
1.066141877883640898e+00
1.067205859123693479e+00
1.068220985433366854e+00
1.069235626711567910e+00
1.070249776980545686e+00
1.079690860701149946e+00
1.080747743140739292e+00
1.081756035987084363e+00
1.082763785471825946e+00
1.083770991024351371e+00
1.093144426107875766e+00
1.094145721870426913e+00
1.095098782747652599e+00
1.096098907682454549e+00
1.097098424761763003e+00
9.896515265627676694e-01
9.974342713657861070e-01
1.002037574147314647e+00
1.007277778062859008e+00
1.007969339687825094e+00
