2.457574746678240597e+06
2.457574748900462873e+06
2.457574749120370485e+06
2.457574749340277631e+06
2.457574749571759254e+06
2.457574749803240877e+06
2.457574752037037164e+06
2.457574752268518321e+06
2.457574752499999944e+06
2.457574752731481567e+06
2.457574752962963190e+06
2.457574755185185000e+06
2.457574755428240635e+06
2.457574755671296269e+06
2.457574755902777892e+06
2.457574756122685038e+06
2.457574758379629813e+06
2.457574758622684982e+06
2.457574758854166605e+06
2.457574759085648227e+06
2.457574759317129850e+06
2.457574761597222183e+06
2.457574761828703806e+06
2.457574762071759440e+06
2.457574762280092575e+06
2.457574762511574198e+06
2.457574764756944496e+06
2.457574764976851642e+06
2.457574765208333265e+06
2.457574765451388899e+06
2.457574765682870522e+06
2.457574767951388843e+06
2.457574768182870466e+06
2.457574768402777612e+06
2.457574768634259235e+06
2.457574768865740858e+06
2.457574771168981679e+06
2.457574771400462836e+06
2.457574771631944459e+06
2.457574771851852071e+06
2.457574772071759216e+06
2.457574774328703526e+06
2.457574774560185149e+06
2.457574774803240784e+06
2.457574775046296418e+06
2.457574775289352052e+06
2.457574777546296362e+06
2.457574777766203508e+06
2.457574777997685131e+06
2.457574778229166754e+06
2.457574778449073900e+06
2.457574780694444664e+06
2.457574780914351810e+06
2.457574781145833433e+06
2.457574781365740579e+06
2.457574781597222202e+06
2.457574783854166511e+06
2.457574784074074123e+06
2.457574784305555746e+06
2.457574784537036903e+06
2.457574784791666549e+06
2.457574787037036847e+06
2.457574787268518470e+06
2.457574787500000093e+06
2.457574787731481250e+06
2.457574787962962873e+06
2.457574790208333172e+06
2.457574790439814795e+06
2.457574790682870429e+06
2.457574790925926063e+06
2.457574791168981697e+06
2.457574793449074030e+06
2.457574793680555653e+06
2.457574793912036810e+06
2.457574794143518433e+06
2.457574794375000056e+06
2.457574796678240877e+06
2.457574796909722034e+06
2.457574797164351679e+06
2.457574797430555336e+06
2.457574797673610970e+06
2.457574799907407258e+06
2.457574800150462892e+06
2.457574800393518526e+06
2.457574800648148172e+06
2.457574800879629795e+06
2.457574803136574104e+06
2.457574803379629739e+06
2.457574803611110896e+06
2.457574803842592519e+06
2.457574804074074142e+06
2.457574806307870429e+06
2.457574806539352052e+06
2.457574806759259198e+06
2.457574806979166809e+06
2.457574807199073955e+06
2.457574809467592742e+06
2.457574809687499888e+06
2.457574809907407500e+06
2.457574810150463134e+06
2.457574810393518303e+06
2.457574812662037089e+06
2.457574812916666735e+06
2.457574813136573881e+06
2.457574813368055504e+06
2.457574813599537127e+06
2.457574815891203936e+06
2.457574816122685093e+06
2.457574816365740728e+06
2.457574816597222351e+06
2.457574816851851996e+06
2.457574819131944329e+06
2.457574819386573974e+06
2.457574819629629608e+06
2.457574819872685242e+06
2.457574820127314888e+06
2.457574822442129720e+06
2.457574822685185354e+06
2.457574822916666511e+06
2.457574823148148134e+06
2.457574823391203769e+06
2.457574825648148078e+06
2.457574825879629701e+06
2.457574826122685336e+06
2.457574826365740970e+06
2.457574826597222127e+06
2.457574828842592426e+06
2.457574829074074049e+06
2.457574829293981660e+06
2.457574829537036829e+06
2.457574829756944440e+06
2.457574831979166716e+06
2.457574832199073862e+06
2.457574832453703508e+06
2.457574832685185131e+06
2.457574832928240765e+06
2.457574835173611064e+06
2.457574835393518675e+06
2.457574835636573844e+06
2.457574835868055467e+06
2.457574836087963078e+06
2.457574838379629422e+06
2.457574838622685056e+06
2.457574838877314702e+06
2.457574839131944347e+06
2.457574839398148004e+06
2.457574841747685336e+06
2.457574842002314981e+06
2.457574842268518638e+06
2.457574842523148283e+06
2.457574842789351940e+06
2.457574845162036829e+06
2.457574845405092463e+06
2.457574845648148097e+06
2.457574845937499776e+06
2.457574846192129422e+06
2.457574848634259310e+06
2.457574848877314944e+06
2.457574849120370578e+06
2.457574849375000224e+06
2.457574849618055392e+06
2.457574851979166735e+06
2.457574852222222369e+06
2.457574852488426026e+06
2.457574852754629683e+06
2.457574853020833340e+06
2.457574855451388750e+06
2.457574855717592407e+06
2.457574855995370541e+06
2.457574856261574198e+06
2.457574856539351866e+06
2.457574859050925821e+06
2.457574859317129478e+06
2.457574859548611101e+06
2.457574859791666735e+06
2.457574860034722369e+06
2.457574862326388713e+06
2.457574862557870336e+06
2.457574862777777947e+06
2.457574863020833116e+06
2.457574863275462762e+06
2.457574865555555560e+06
2.457574865798611194e+06
2.457574866053240839e+06
2.457574866284721997e+06
2.457574866527777631e+06
2.457574868819444440e+06
2.457574869085648097e+06
2.457574869351851754e+06
2.457574869583333377e+06
2.457574869826389011e+06
2.457574872106481344e+06
2.457574872337962966e+06
2.457574872627314646e+06
2.457574872858796269e+06
2.457574873113425914e+06
2.457574875509259291e+06
2.457574875740740914e+06
2.457574875995370559e+06
2.457574876273148227e+06
2.457574876504629850e+06
2.457574878796296194e+06
2.457574879027777817e+06
2.457574879270833451e+06
2.457574879513889086e+06
2.457574879745370243e+06
2.457574882060185075e+06
2.457574882291666698e+06
2.457574882534722332e+06
2.457574882754629478e+06
2.457574882997685112e+06
2.457574885231481399e+06
2.457574885497685056e+06
2.457574885717592668e+06
2.457574885949074291e+06
2.457574886192129459e+06
2.457574888541666791e+06
2.457574888761573937e+06
2.457574888993055560e+06
2.457574889236111194e+06
2.457574889490740839e+06
2.457574891828703694e+06
2.457574892060185317e+06
2.457574892280092463e+06
2.457574892523148097e+06
2.457574892777777743e+06
2.457574895104166586e+06
2.457574895358796231e+06
2.457574895613425877e+06
2.457574895856481511e+06
2.457574896099537145e+06
2.457574898449074011e+06
2.457574898692129645e+06
2.457574898912037257e+06
2.457574899166666437e+06
2.457574899398148060e+06
2.457574901701388881e+06
2.457574902037037071e+06
2.457574902349537238e+06
2.457574902581018396e+06
2.457574902824074030e+06
2.457574905092592817e+06
2.457574905335647985e+06
2.457574905601851642e+06
2.457574905833333265e+06
2.457574906064814888e+06
2.457574908402777743e+06
2.457574908645833377e+06
2.457574908888889011e+06
2.457574909131944645e+06
2.457574909374999814e+06
2.457574911828703713e+06
2.457574912083333358e+06
2.457574912326388992e+06
2.457574912604166660e+06
2.457574912858796306e+06
2.457574915127314627e+06
2.457574915358796250e+06
2.457574915601851884e+06
2.457574915879629552e+06
2.457574916099537164e+06
2.457574918495370541e+06
2.457574918750000186e+06
2.457574919062499888e+06
2.457574919293981511e+06
2.457574919525463134e+06
2.457574921863425989e+06
2.457574922118055634e+06
2.457574922337962780e+06
2.457574922569444403e+06
2.457574922858796082e+06
2.457574925393518526e+06
2.457574925740740728e+06
2.457574926064814907e+06
2.457574926342592575e+06
2.457574926597222220e+06
2.457574929074074142e+06
2.457574929305555765e+06
2.457574929560185410e+06
2.457574929814814590e+06
2.457574930046296213e+06
2.457574932384259067e+06
2.457574932662037201e+06
2.457574932928240858e+06
2.457574933194444515e+06
2.457574933472222183e+06
2.457574935844907537e+06
2.457574936087963171e+06
2.457574936307870317e+06
2.457574936562499963e+06
2.457574936828703620e+06
2.457574939328703564e+06
2.457574939571759198e+06
2.457574939814814832e+06
2.457574940115740523e+06
2.457574940347222146e+06
2.457574942777777556e+06
2.457574943032407202e+06
2.457574943263888825e+06
2.457574943472222425e+06
2.457574943738426082e+06
2.457575668449074030e+06
2.457575668680555653e+06
2.457575668935185298e+06
2.457575669166666456e+06
2.457575669421296101e+06
2.457575671666666865e+06
2.457575671909722034e+06
2.457575672152777668e+06
2.457575672395833302e+06
2.457575672638888936e+06
2.457575674895833246e+06
2.457575675150462892e+06
2.457575675497685093e+06
2.457575675740740728e+06
2.457575675983796362e+06
2.457575678263888694e+06
2.457575678495370317e+06
2.457575678738425951e+06
2.457575678981481586e+06
2.457575679224537220e+06
2.457575681493055541e+06
2.457575681724537164e+06
2.457575681967592798e+06
2.457575682210647967e+06
2.457575682442129590e+06
2.457575687881944235e+06
2.457575691898148041e+06
2.457575694097222295e+06
2.457575694317129441e+06
2.457575694548611064e+06
2.457575694768518675e+06
2.457575694988425821e+06
2.457575697210648097e+06
2.457575697430555709e+06
2.457575697650462855e+06
2.457575697870370466e+06
2.457575698090277612e+06
2.457575709861110896e+06
2.457575710092592519e+06
2.457575710324074142e+06
2.457575710567129776e+06
2.457575712812500075e+06
2.457575713043981697e+06
2.457575713263888843e+06
2.457575713483796455e+06
2.457575713715277612e+06
2.457575715925925877e+06
2.457575716157407500e+06
2.457575716400463134e+06
2.457575716631944291e+06
2.457575716851851903e+06
2.457575725659721997e+06
2.457575725891203620e+06
2.457575726122685242e+06
2.457575726331018377e+06
2.457575728576388676e+06
2.457575728796296287e+06
2.457575729027777910e+06
2.457575729259259067e+06
2.457575729479166679e+06
2.457575731736110989e+06
2.457575731967592612e+06
2.457575732199074235e+06
2.457575732430555392e+06
2.457575732650463004e+06
2.457575734930555336e+06
2.457575735162036959e+06
2.457575735381944571e+06
2.457575735601851717e+06
2.457575735821759328e+06
2.457575738032407593e+06
2.457575738252314739e+06
2.457575738472222351e+06
2.457575738692129496e+06
2.457575738912037108e+06
2.457575741168981418e+06
2.457575741400463041e+06
2.457575741643518675e+06
2.457575741863425821e+06
2.457575742094907444e+06
2.457575744328703731e+06
2.457575744560185354e+06
2.457575744780092500e+06
2.457575745011574123e+06
2.457575745231481269e+06
2.457575747442129534e+06
2.457575747673611157e+06
2.457575747905092780e+06
2.457575748124999925e+06
2.457575748356481548e+06
2.457575750567129813e+06
2.457575750787036959e+06
2.457575751006944571e+06
2.457575751215277705e+06
2.457575751435185317e+06
2.457575753645833116e+06
2.457575753877314739e+06
2.457575754097222351e+06
2.457575754328703508e+06
2.457575754548611119e+06
2.457575782349537127e+06
2.457575782569444273e+06
2.457575784780092537e+06
2.457575785000000149e+06
2.457575785231481306e+06
2.457575785682870541e+06
2.457575787905092817e+06
2.457575788124999963e+06
2.457575788344907574e+06
2.457575788576388732e+06
2.457575788784722332e+06
2.457575790995370597e+06
2.457575791226851754e+06
2.457575791458333377e+06
2.457575791678240523e+06
2.457575791898148134e+06
2.457575806527777575e+06
2.457575806759259198e+06
2.457575806979166809e+06
2.457575807199073955e+06
2.457575807418981567e+06
2.457575809652777854e+06
2.457575809872685000e+06
2.457575810092592612e+06
2.457575810324074235e+06
2.457575810555555392e+06
2.457575812789351679e+06
2.457575813009259291e+06
2.457575813229166437e+06
2.457575813449074049e+06
2.457575813680555671e+06
2.457575815879629459e+06
2.457575816099537071e+06
2.457575816319444217e+06
2.457575816550925840e+06
2.457575816770833451e+06
2.457575818981481250e+06
2.457575819201388862e+06
2.457575819432870485e+06
2.457575834305555560e+06
2.457575834675925784e+06
2.457575834918981418e+06
2.457575837210648227e+06
2.457575837465277873e+06
2.457575837719907518e+06
2.457575837986111175e+06
2.457575838240740821e+06
2.457575840555555653e+06
2.457575840821759310e+06
2.457575841064814944e+06
2.457575841331018601e+06
2.457575841562500224e+06
2.457575843842592556e+06
2.457575844097222202e+06
2.457575844351851847e+06
2.457575844606481493e+06
2.457575844861111138e+06
2.457575847164351959e+06
2.457575847407407593e+06
2.457575847650462762e+06
2.457575847893518396e+06
2.457575848125000019e+06
2.457575850439814851e+06
2.457575850694444496e+06
2.457575850949074142e+06
2.457575851203703787e+06
2.457575851435185410e+06
2.457575853715277743e+06
2.457575853958333377e+06
2.457575854201389011e+06
2.457575854444444645e+06
2.457575854699074291e+06
2.457575856967592612e+06
2.457575857210648246e+06
2.457575857453703880e+06
2.457575857708333526e+06
2.457575857939814683e+06
2.457575860231481493e+06
2.457575860462963115e+06
2.457575860717592761e+06
2.457575860960647929e+06
2.457575861203703564e+06
2.457575863495370373e+06
2.457575863738426007e+06
2.457575863969907630e+06
2.457575864224536810e+06
2.457575864467592444e+06
2.457575866759259254e+06
2.457575867013888899e+06
2.457575867256944533e+06
2.457575867523148190e+06
2.457575867754629813e+06
2.457575870046296157e+06
2.457575870300925802e+06
2.457575870543981437e+06
2.457575870787037071e+06
2.457575871030092705e+06
2.457575873333333526e+06
2.457575873587963171e+06
2.457575873831018340e+06
2.457575874074073974e+06
2.457575874317129608e+06
2.457575876620370429e+06
2.457575876886574086e+06
2.457575877129629720e+06
2.457575877384259365e+06
2.457575877662037034e+06
2.457575879988425877e+06
2.457575880231481511e+06
2.457575880486111157e+06
2.457575880729166791e+06
2.457575880995370448e+06
2.457575883310185280e+06
2.457575883564814925e+06
2.457575883819444571e+06
2.457575884085648227e+06
2.457575884340277873e+06
2.457575886655092705e+06
2.457575886886573862e+06
2.457575887129629496e+06
2.457575887384259142e+06
2.457575887627314776e+06
2.457575889953703620e+06
2.457575890196759254e+06
2.457575890451388899e+06
2.457575890706018545e+06
2.457575890937500168e+06
2.457575893252315000e+06
2.457575893530092668e+06
2.457575893773148302e+06
2.457575894004629459e+06
2.457575894259259105e+06
2.457575896597222425e+06
2.457575896828703582e+06
2.457575897083333228e+06
2.457575897349536885e+06
2.457575897604166530e+06
2.457575899918981362e+06
2.457575900162036996e+06
2.457575900428240653e+06
2.457575900694444310e+06
2.457575900925925933e+06
2.457575903229166754e+06
2.457575903460648376e+06
2.457575903703703545e+06
2.457575903946759179e+06
2.457575904212962836e+06
2.457575906516203657e+06
2.457575906770833302e+06
2.457575907025462948e+06
2.457575907280092593e+06
2.457575907534722239e+06
2.457575909895833116e+06
2.457575910138888750e+06
2.457575910393518396e+06
2.457575910659722053e+06
2.457575910902777687e+06
2.457575913229166530e+06
2.457575913483796176e+06
2.457575913738425821e+06
2.457575913969907444e+06
2.457575914236111101e+06
2.457575916550925933e+06
2.457575916805555578e+06
2.457575917037037201e+06
2.457575917303240858e+06
2.457575917546296492e+06
2.457575919872685336e+06
2.457575920127314981e+06
2.457575920416666660e+06
2.457575939826388843e+06
2.457575940081018489e+06
2.457575940312500112e+06
2.457575940555555746e+06
2.457575940763888881e+06
2.457575943055555690e+06
2.457575943298611324e+06
2.457575943518518470e+06
2.457575943750000093e+06
2.457575943993055727e+06
2.457575946238426026e+06
2.457575946469907183e+06
2.457575946712962817e+06
2.457575946944444440e+06
2.457575947175926063e+06
2.457575949571759440e+06
2.457575949814814609e+06
2.457575950057870243e+06
2.457575950312499888e+06
2.457575950578703545e+06
2.457576670659722295e+06
2.457576670902777929e+06
2.457576671145833563e+06
2.457576671388888732e+06
2.457576671631944366e+06
2.457576673900463153e+06
2.457576674131944310e+06
2.457576674374999944e+06
2.457576674618055578e+06
2.457576674849537201e+06
2.457576677129629534e+06
2.457576677384259179e+06
2.457576677615740802e+06
2.457576677858796436e+06
2.457576678113426082e+06
2.457576680393518414e+06
2.457576680636574049e+06
2.457576680879629683e+06
2.457576681134259328e+06
2.457576681377314962e+06
2.457576683668981306e+06
2.457576683912036940e+06
2.457576684155092575e+06
2.457576684398148209e+06
2.457576684641203843e+06
2.457576686909722164e+06
2.457576687164351810e+06
2.457576687407407444e+06
2.457576687650463078e+06
2.457576687881944235e+06
2.457576690162037034e+06
2.457576690509259235e+06
2.457576690763888881e+06
2.457576691006944515e+06
2.457576691261574160e+06
2.457576693541666493e+06
2.457576693773148116e+06
2.457576694016203750e+06
2.457576694259259384e+06
2.457576694513889030e+06
2.457576696759259328e+06
2.457576697002314962e+06
2.457576697245370597e+06
2.457576697488425765e+06
2.457576697719907388e+06
2.457576700000000186e+06
2.457576700243055355e+06
2.457576700474536978e+06
2.457576700717592612e+06
2.457576700960648246e+06
2.457576703229166567e+06
2.457576703472222202e+06
2.457576703715277836e+06
2.457576703958333470e+06
2.457576704201389104e+06
2.457576706458333414e+06
2.457576706701389048e+06
2.457576706944444217e+06
2.457576707187499851e+06
2.457576707430555485e+06
2.457576709733796306e+06
2.457576709953703918e+06
2.457576710208333563e+06
2.457576710451388732e+06
2.457576710694444366e+06
2.457576712962963153e+06
2.457576713182870299e+06
2.457576713402777910e+06
2.457576713622685056e+06
2.457576713854166679e+06
2.457576716099536978e+06
2.457576716331018601e+06
2.457576716550925747e+06
2.457576716782407369e+06
2.457576717002314981e+06
2.457576719212962780e+06
2.457576719432870392e+06
2.457576719675926026e+06
2.457576719895833172e+06
2.457576720127314795e+06
2.457576722349537071e+06
2.457576722581018694e+06
2.457576722800925840e+06
2.457576723032407463e+06
2.457576723263889086e+06
2.457576725497685373e+06
2.457576725729166530e+06
2.457576725960648153e+06
2.457576726192129776e+06
2.457576726412036922e+06
2.457576728645833209e+06
2.457576728877314832e+06
2.457576729108796455e+06
2.457576729340277612e+06
2.457576729571759235e+06
2.457576731793981511e+06
2.457576732025463134e+06
2.457576732256944291e+06
2.457576732476851903e+06
2.457576732696759049e+06
2.457576734918981325e+06
2.457576735150462948e+06
2.457576735370370559e+06
2.457576735590277705e+06
2.457576735821759328e+06
2.457576738043981604e+06
2.457576738275462762e+06
2.457576738495370373e+06
2.457576738726851996e+06
2.457576738958333153e+06
2.457576741180555429e+06
2.457576741400463041e+06
2.457576741631944664e+06
2.457576741874999832e+06
2.457576742094907444e+06
2.457576744351851754e+06
2.457576744583333377e+06
2.457576744803240523e+06
2.457576745034722146e+06
2.457576745266203769e+06
2.457576747488426045e+06
2.457576747708333191e+06
2.457576748078703880e+06
2.457576748310185038e+06
2.457576748530092649e+06
2.457576750763888936e+06
2.457576750995370559e+06
2.457576751226851717e+06
2.457576751446759328e+06
2.457576751678240951e+06
2.457576753935185261e+06
2.457576754178240895e+06
2.457576754409722053e+06
2.457576754641203675e+06
2.457576754884259310e+06
2.457576757199074142e+06
2.457576757442129776e+06
2.457576757673610933e+06
2.457576757905092556e+06
2.457576758136574179e+06
2.457576760358796455e+06
2.457576760590277612e+06
2.457576760810185224e+06
2.457576761030092370e+06
2.457576761261573993e+06
2.457576763472222257e+06
2.457576763703703880e+06
2.457576763935185038e+06
2.457576764155092649e+06
2.457576764374999795e+06
2.457576766597222071e+06
2.457576766817129683e+06
2.457576767037036829e+06
2.457576767256944440e+06
2.457576767500000075e+06
2.457576769722222351e+06
2.457576769976851996e+06
2.457576770196759142e+06
2.457576770428240765e+06
2.457576770648148376e+06
2.457576772905092686e+06
2.457576773124999832e+06
2.457576773460648023e+06
2.457576773692129645e+06
2.457576773912037257e+06
2.457576776145833544e+06
2.457576776377314702e+06
2.457576776608796325e+06
2.457576776840277947e+06
2.457576777060185093e+06
2.457576779317129403e+06
2.457576779548611026e+06
2.457576779768518638e+06
2.457576779999999795e+06
2.457576780243055429e+06
2.457576782488425728e+06
2.457576782719907351e+06
2.457576782951388974e+06
2.457576783171296120e+06
2.457576783402777743e+06
2.457576785694444552e+06
2.457576785925925709e+06
2.457576786145833321e+06
2.457576786377314944e+06
2.457576786620370578e+06
2.457576788888888899e+06
2.457576789120370522e+06
2.457576789351851679e+06
2.457576789571759291e+06
2.457576789803240914e+06
2.457576792083333246e+06
2.457576792303240858e+06
2.457576792546296492e+06
2.457576792777777649e+06
2.457576792997685261e+06
2.457576795243055560e+06
2.457576795474537183e+06
2.457576795891203918e+06
2.457576796134259086e+06
2.457576796377314720e+06
2.457576798726852052e+06
2.457576798969907220e+06
2.457576799212962855e+06
2.457576800243055448e+06
2.457576800486111082e+06
2.457576802812499925e+06
2.457576803043981548e+06
2.457576803263888694e+06
2.457576803495370317e+06
2.457576803715277929e+06
2.457576805983796250e+06
2.457576806215277873e+06
2.457576806435185019e+06
2.457576806655092631e+06
2.457576806898148265e+06
2.457576809155092575e+06
2.457576809398148209e+06
2.457576809629629832e+06
2.457576809872685000e+06
2.457576810104166623e+06
2.457576812384259421e+06
2.457576812615740579e+06
2.457576812847222202e+06
2.457576813090277836e+06
2.457576813321759459e+06
2.457576815601851791e+06
2.457576815833333414e+06
2.457576816064815037e+06
2.457576816307870205e+06
2.457576816527777817e+06
2.457576818715277594e+06
2.457576818946759216e+06
2.457576819178240839e+06
2.457576819398147985e+06
2.457576819629629608e+06
2.457576821932870429e+06
2.457576822175926063e+06
2.457576822418981697e+06
2.457576822650462855e+06
2.457576822881944478e+06
2.457576825138888787e+06
2.457576825358796399e+06
2.457576825601852033e+06
2.457576825833333191e+06
2.457576826076388825e+06
2.457576828333333135e+06
2.457576828553240746e+06
2.457576828796296380e+06
2.457576829016203526e+06
2.457576829247685149e+06
2.457576831574073993e+06
2.457576831828703638e+06
2.457576832060185261e+06
2.457576832303240895e+06
2.457576832534722053e+06
2.457576657129629515e+06
2.457576659780092537e+06
2.457576663599537220e+06
2.457576664675925858e+06
2.457576665821759030e+06
2.457576667071759235e+06
2.457578652083333116e+06
2.457578652326388750e+06
2.457578652569444384e+06
2.457578652812500019e+06
2.457578653055555653e+06
2.457578655335647985e+06
2.457578655567129608e+06
2.457578655810185242e+06
2.457578656053240877e+06
2.457578656296296511e+06
2.457578658599536866e+06
2.457578658831018489e+06
2.457578659074074123e+06
2.457578659317129757e+06
2.457578659560185391e+06
2.457578661805555690e+06
2.457578662037036847e+06
2.457578662280092482e+06
2.457578662523148116e+06
2.457578662754629739e+06
2.457578665023148060e+06
2.457578665266203694e+06
2.457578665509259328e+06
2.457578665752314962e+06
2.457578665983796120e+06
2.457578668252314907e+06
2.457578668495370541e+06
2.457578668750000186e+06
2.457578668993055355e+06
2.457578669236110989e+06
2.457578671516203787e+06
2.457578671747685410e+06
2.457578671979166567e+06
2.457578672222222202e+06
2.457578672465277836e+06
2.457578674745370168e+06
2.457578674988425802e+06
2.457578675231481437e+06
2.457578675474537071e+06
2.457578675717592705e+06
2.457578677962963004e+06
2.457578678182870150e+06
2.457578678414351773e+06
2.457578678634259384e+06
2.457578678865740541e+06
2.457578681076388806e+06
2.457578681296296418e+06
2.457578681527777575e+06
2.457578681759259198e+06
2.457578681990740821e+06
2.457578690868055448e+06
2.457578691087963060e+06
2.457578697083333507e+06
2.457578697314814664e+06
2.457578697534722276e+06
2.457578699756944552e+06
2.457578699988425709e+06
2.457578700219907332e+06
2.457578700451388955e+06
2.457578700682870578e+06
2.457578702905092388e+06
2.457578703136574011e+06
2.457578703356481623e+06
2.457578703587962780e+06
2.457578703807870392e+06
2.457578706030092668e+06
2.457578706249999814e+06
2.457578706481481437e+06
2.457578706712963060e+06
2.457578706932870205e+06
2.457578759606481530e+06
2.457578759976851754e+06
2.457578760208333377e+06
2.457578760451389011e+06
2.457578760694444645e+06
2.457578762916666456e+06
2.457578763148148078e+06
2.457578763379629701e+06
2.457578763599536847e+06
2.457578763831018470e+06
2.457578766030092724e+06
2.457578766249999870e+06
2.457578766469907481e+06
2.457578766689814627e+06
2.457578766921296250e+06
2.457578769155092537e+06
2.457578769386574160e+06
2.457578769606481306e+06
2.457578769826388918e+06
2.457578770057870541e+06
2.457578772280092817e+06
2.457578772488425951e+06
2.457578772708333563e+06
2.457578772928240709e+06
2.457578773159722332e+06
2.457578775381944608e+06
2.457578775613425765e+06
2.457578775833333377e+06
2.457578776064815000e+06
2.457578776296296157e+06
2.457578778506944422e+06
2.457578778726852033e+06
2.457578778946759179e+06
2.457578779166666791e+06
2.457578779398147948e+06
2.457578781620370224e+06
2.457578781851851847e+06
2.457578782071759459e+06
2.457578782303240616e+06
2.457578782523148227e+06
2.457578784768518526e+06
2.457578785000000149e+06
2.457578785219907295e+06
2.457578785439814907e+06
2.457578785671296064e+06
2.457578787905092817e+06
2.457578788124999963e+06
2.457578788356481586e+06
2.457578788576388732e+06
2.457578788796296343e+06
2.457578791018518619e+06
2.457578791249999776e+06
2.457578791481481399e+06
2.457578791701389011e+06
2.457578791921296157e+06
2.457578794120370410e+06
2.457578794340277556e+06
2.457578794560185168e+06
2.457578794780092780e+06
2.457578795011573937e+06
2.457578826284722425e+06
2.457578828506944235e+06
2.457578828726851847e+06
2.457578828946759459e+06
2.457578829178240616e+06
2.457578829409722239e+06
2.457578831631944515e+06
2.457578831840277649e+06
2.457578832071759272e+06
2.457578832303240895e+06
2.457578832511574030e+06
2.457578834745370317e+06
2.457578834976851940e+06
2.457578835208333563e+06
2.457578835451388732e+06
2.457578836539351847e+06
2.457578836944444571e+06
2.457578837210648227e+06
2.457578837488425896e+06
2.457578837754629552e+06
2.457578840069444384e+06
2.457578840300926007e+06
2.457578840532407630e+06
2.457578840775462799e+06
2.457578840995370410e+06
2.457578843263888732e+06
2.457578843506944366e+06
2.457578843738425989e+06
2.457578843969907612e+06
2.457578844201388769e+06
2.457578846481481567e+06
2.457578846701388713e+06
2.457578846921296325e+06
2.457578847152777947e+06
2.457578847372685093e+06
2.457578849652777892e+06
2.457578849884259049e+06
2.457578850127314683e+06
2.457578850347222295e+06
2.457578850590277929e+06
2.457578852824074216e+06
2.457578853055555373e+06
2.457578853298611008e+06
2.457578853530092631e+06
2.457578853761574253e+06
2.457578856018518563e+06
2.457578856250000186e+06
2.457578856493055355e+06
2.457578856736110989e+06
2.457578856979166623e+06
2.457578859236110933e+06
2.457578859467592556e+06
2.457578859710648190e+06
2.457578859930555336e+06
2.457578860173610970e+06
2.457578862430555746e+06
2.457578862662036903e+06
2.457578862905092537e+06
2.457578863136574160e+06
2.457578863356481306e+06
2.457578865636574104e+06
2.457578865868055727e+06
2.457578866087962873e+06
2.457578866331018507e+06
2.457578866574074142e+06
2.457578868831018452e+06
2.457578869062500075e+06
2.457578869305555709e+06
2.457578869525462855e+06
2.457578869745370466e+06
2.457578871990740765e+06
2.457578872210648376e+06
2.457578872453703545e+06
2.457578872685185168e+06
2.457578872905092780e+06
2.457578875196759123e+06
2.457578875416666735e+06
2.457578875648148358e+06
2.457578885810185224e+06
2.457578888125000056e+06
2.457578888344907202e+06
2.457578888587962836e+06
2.457578888854166493e+06
2.457578889131944627e+06
2.457578891550926026e+06
2.457578891805555671e+06
2.457578892037036829e+06
2.457578892291666474e+06
2.457578892511574086e+06
2.457578894803240895e+06
2.457578895034722053e+06
2.457578895266203675e+06
2.457578895509259310e+06
2.457578895740740933e+06
2.457578897986111231e+06
2.457578898229166865e+06
2.457578898460648023e+06
2.457578898692129645e+06
2.457578898923611268e+06
2.457578901192129590e+06
2.457578901446759235e+06
2.457578901678240858e+06
2.457578901932870504e+06
2.457578902152777649e+06
2.457578904502314981e+06
2.457578904733796138e+06
2.457578904988425784e+06
2.457578905219907407e+06
2.457578905474537052e+06
2.457578907766203862e+06
2.457578907997685019e+06
2.457578908229166642e+06
2.457578908483796287e+06
2.457578908715277910e+06
2.457578910995370243e+06
2.457578911249999888e+06
2.457578911481481511e+06
2.457578911736111157e+06
2.457578933935184963e+06
2.457578934189814609e+06
2.457578934444444254e+06
2.457578934675925877e+06
2.457578934918981511e+06
2.457578937210648321e+06
2.457578937442129478e+06
2.457578937662037089e+06
2.457578937916666735e+06
2.457578938136573881e+06
2.457578940590277780e+06
2.457578940856481437e+06
2.457578941111111082e+06
2.457578941354166716e+06
2.457578941631944384e+06
2.457578943993055727e+06
2.457578944201388862e+06
2.457578944432870485e+06
2.457578944675926119e+06
2.457578944942129776e+06
2.457578947245370597e+06
2.457578947465277743e+06
2.457578947708333377e+06
2.457578947951389011e+06
2.457578948206018656e+06
2.457579701423611026e+06
2.457579701666666660e+06
2.457579701909722295e+06
2.457579702164351940e+06
2.457579704444444273e+06
2.457579704687499907e+06
2.457579704930555541e+06
2.457579705185185187e+06
2.457579705416666809e+06
2.457579707708333153e+06
2.457579707951388787e+06
2.457579708194444422e+06
2.457579708449074067e+06
2.457579708692129701e+06
2.457579710949074011e+06
2.457579711192129645e+06
2.457579711435185280e+06
2.457579711678240914e+06
2.457579711921296082e+06
2.457579714189814869e+06
2.457579714444444515e+06
2.457579714687500149e+06
2.457579714930555783e+06
2.457579715173610952e+06
2.457579717442129739e+06
2.457579717696759384e+06
2.457579717939815018e+06
2.457579718182870187e+06
2.457579718425925821e+06
2.457579720694444608e+06
2.457579720937499776e+06
2.457579721168981399e+06
2.457579721412037034e+06
2.457579721655092668e+06
2.457579696145833470e+06
2.457579697962963022e+06
2.457579699039351661e+06
2.457579700266203843e+06
2.457579700428240933e+06
